vesselCount = 16
UT = 64440992.714330621
gameMode = CAREER
gameNull = False
kspVersion = 1.12.5
funds = 6932431.8490826748
science = 861
reputationPercent = 70
ongoingContracts = 7
missionCurrentScore = 0
missionIsStarted = False
missionIsEnded = False
missionHistoryId = 00000000-0000-0000-0000-000000000000
missionExpansionVersion = 
saveMD5 = 
lastWriteTime = 638545058096709490
