vesselCount = 12
UT = 40088128.782764539
gameMode = CAREER
gameNull = False
kspVersion = 1.12.5
funds = 7191915.9807999982
science = 1639
reputationPercent = 68
ongoingContracts = 5
missionCurrentScore = 0
missionIsStarted = False
missionIsEnded = False
missionHistoryId = 00000000-0000-0000-0000-000000000000
missionExpansionVersion = 
saveMD5 = 
lastWriteTime = 638535745210167914
