vesselCount = 12
UT = 62401020.212588169
gameMode = CAREER
gameNull = False
kspVersion = 1.12.5
funds = 8344933.9807999982
science = 1660
reputationPercent = 70
ongoingContracts = 3
missionCurrentScore = 0
missionIsStarted = False
missionIsEnded = False
missionHistoryId = 00000000-0000-0000-0000-000000000000
missionExpansionVersion = 
saveMD5 = 
lastWriteTime = 638540156854464122
