vesselCount = 1
UT = 111.47999999999496
gameMode = CAREER
gameNull = False
kspVersion = 1.12.5
funds = 21448.800048828125
science = 0
reputationPercent = 0
ongoingContracts = 2
missionCurrentScore = 0
missionIsStarted = False
missionIsEnded = False
missionHistoryId = 00000000-0000-0000-0000-000000000000
missionExpansionVersion = 
saveMD5 = 
lastWriteTime = 638529755543954202
