vesselCount = 1
UT = 2400.0707250961223
gameMode = CAREER
gameNull = False
kspVersion = 1.12.5
funds = 134956.18167591095
science = 63
reputationPercent = 9
ongoingContracts = 1
missionCurrentScore = 0
missionIsStarted = False
missionIsEnded = False
missionHistoryId = 00000000-0000-0000-0000-000000000000
missionExpansionVersion = 
saveMD5 = 
lastWriteTime = 638529797215274329
