vesselCount = 13
UT = 62461170.606511809
gameMode = CAREER
gameNull = False
kspVersion = 1.12.5
funds = 8155275.0791991614
science = 560
reputationPercent = 70
ongoingContracts = 6
missionCurrentScore = 0
missionIsStarted = False
missionIsEnded = False
missionHistoryId = 00000000-0000-0000-0000-000000000000
missionExpansionVersion = 
saveMD5 = 
lastWriteTime = 638540738609895050
