vesselCount = 17
UT = 64099735.300049268
gameMode = CAREER
gameNull = False
kspVersion = 1.12.5
funds = 7007057.6716864966
science = 807
reputationPercent = 70
ongoingContracts = 7
missionCurrentScore = 0
missionIsStarted = False
missionIsEnded = False
missionHistoryId = 00000000-0000-0000-0000-000000000000
missionExpansionVersion = 
saveMD5 = 
lastWriteTime = 638542691624532231
