vesselCount = 1
UT = 1574.670725096873
gameMode = CAREER
gameNull = False
kspVersion = 1.12.5
funds = 124723.67975616455
science = 40
reputationPercent = 4
ongoingContracts = 4
missionCurrentScore = 0
missionIsStarted = False
missionIsEnded = False
missionHistoryId = 00000000-0000-0000-0000-000000000000
missionExpansionVersion = 
saveMD5 = 
lastWriteTime = 638540156854418178
