vesselCount = 1
UT = 23448.907263207937
gameMode = CAREER
gameNull = False
kspVersion = 1.12.5
funds = 122767.78718471527
science = 19
reputationPercent = 19
ongoingContracts = 2
missionCurrentScore = 0
missionIsStarted = False
missionIsEnded = False
missionHistoryId = 00000000-0000-0000-0000-000000000000
missionExpansionVersion = 
saveMD5 = 
lastWriteTime = 638530543449977888
