vesselCount = 1
UT = 1337.7319262689603
gameMode = CAREER
gameNull = False
kspVersion = 1.12.5
funds = 124723.67975616455
science = 38
reputationPercent = 4
ongoingContracts = 4
missionCurrentScore = 0
missionIsStarted = False
missionIsEnded = False
missionHistoryId = 00000000-0000-0000-0000-000000000000
missionExpansionVersion = 
saveMD5 = 
lastWriteTime = 638540156853975765
