vesselCount = 11
UT = 27018810.233575381
gameMode = CAREER
gameNull = False
kspVersion = 1.12.5
funds = 6406727.4514459027
science = 1239
reputationPercent = 65
ongoingContracts = 4
missionCurrentScore = 0
missionIsStarted = False
missionIsEnded = False
missionHistoryId = 00000000-0000-0000-0000-000000000000
missionExpansionVersion = 
saveMD5 = 
lastWriteTime = 638540156854136889
