vesselCount = 10
UT = 39005909.980515815
gameMode = CAREER
gameNull = False
kspVersion = 1.12.5
funds = 6909207.4514459027
science = 1657
reputationPercent = 67
ongoingContracts = 4
missionCurrentScore = 0
missionIsStarted = False
missionIsEnded = False
missionHistoryId = 00000000-0000-0000-0000-000000000000
missionExpansionVersion = 
saveMD5 = 
lastWriteTime = 638533143065123034
