vesselCount = 0
UT = 2353.9907250961642
gameMode = CAREER
gameNull = False
kspVersion = 1.12.5
funds = 142691.1821641922
science = 63
reputationPercent = 9
ongoingContracts = 1
missionCurrentScore = 0
missionIsStarted = False
missionIsEnded = False
missionHistoryId = 00000000-0000-0000-0000-000000000000
missionExpansionVersion = 
saveMD5 = 
lastWriteTime = 638529795046250575
