vesselCount = 13
UT = 62553210.041801929
gameMode = CAREER
gameNull = False
kspVersion = 1.12.5
funds = 8008615.6260741614
science = 723
reputationPercent = 70
ongoingContracts = 6
missionCurrentScore = 0
missionIsStarted = False
missionIsEnded = False
missionHistoryId = 00000000-0000-0000-0000-000000000000
missionExpansionVersion = 
saveMD5 = 
lastWriteTime = 638540917268029486
