vesselCount = 3
UT = 1902219.5003663297
gameMode = CAREER
gameNull = False
kspVersion = 1.12.5
funds = 2363045.6382775907
science = 54
reputationPercent = 46
ongoingContracts = 13
missionCurrentScore = 0
missionIsStarted = False
missionIsEnded = False
missionHistoryId = 00000000-0000-0000-0000-000000000000
missionExpansionVersion = 
saveMD5 = 
lastWriteTime = 638531362622036303
