vesselCount = 12
UT = 62400979.352581471
gameMode = CAREER
gameNull = False
kspVersion = 1.12.5
funds = 8344933.9807999982
science = 2116
reputationPercent = 70
ongoingContracts = 3
missionCurrentScore = 0
missionIsStarted = False
missionIsEnded = False
missionHistoryId = 00000000-0000-0000-0000-000000000000
missionExpansionVersion = 
saveMD5 = 
lastWriteTime = 638535860503173717
