vesselCount = 6
UT = 9477484.4525690768
gameMode = CAREER
gameNull = False
kspVersion = 1.12.5
funds = 1067886.8431186441
science = 68
reputationPercent = 57
ongoingContracts = 6
missionCurrentScore = 0
missionIsStarted = False
missionIsEnded = False
missionHistoryId = 00000000-0000-0000-0000-000000000000
missionExpansionVersion = 
saveMD5 = 
lastWriteTime = 638540156854584578
