vesselCount = 14
UT = 62575604.010856338
gameMode = CAREER
gameNull = False
kspVersion = 1.12.5
funds = 7127676.9948027991
science = 807
reputationPercent = 70
ongoingContracts = 7
missionCurrentScore = 0
missionIsStarted = False
missionIsEnded = False
missionHistoryId = 00000000-0000-0000-0000-000000000000
missionExpansionVersion = 
saveMD5 = 
lastWriteTime = 638541231419415813
