vesselCount = 11
UT = 40086741.280511208
gameMode = CAREER
gameNull = False
kspVersion = 1.12.5
funds = 7172406.3557999982
science = 1939
reputationPercent = 68
ongoingContracts = 4
missionCurrentScore = 0
missionIsStarted = False
missionIsEnded = False
missionHistoryId = 00000000-0000-0000-0000-000000000000
missionExpansionVersion = 
saveMD5 = 
lastWriteTime = 638540156854307591
