vesselCount = 17
UT = 64073383.735396877
gameMode = CAREER
gameNull = False
kspVersion = 1.12.5
funds = 6926770.363462653
science = 816
reputationPercent = 70
ongoingContracts = 7
missionCurrentScore = 0
missionIsStarted = False
missionIsEnded = False
missionHistoryId = 00000000-0000-0000-0000-000000000000
missionExpansionVersion = 
saveMD5 = 
lastWriteTime = 638543340407217343
