vesselCount = 15
UT = 62590143.281351723
gameMode = CAREER
gameNull = False
kspVersion = 1.12.5
funds = 7127676.9948027991
science = 807
reputationPercent = 70
ongoingContracts = 7
missionCurrentScore = 0
missionIsStarted = False
missionIsEnded = False
missionHistoryId = 00000000-0000-0000-0000-000000000000
missionExpansionVersion = 
saveMD5 = 
lastWriteTime = 638541235735674573
