vesselCount = 0
UT = 4820.1833911144695
gameMode = CAREER
gameNull = False
kspVersion = 1.12.5
funds = 177761.01731586456
science = 17
reputationPercent = 11
ongoingContracts = 0
missionCurrentScore = 0
missionIsStarted = False
missionIsEnded = False
missionHistoryId = 00000000-0000-0000-0000-000000000000
missionExpansionVersion = 
saveMD5 = 
lastWriteTime = 638540156854514079
