vesselCount = 14
UT = 62651943.917950444
gameMode = CAREER
gameNull = False
kspVersion = 1.12.5
funds = 7092173.3995116614
science = 807
reputationPercent = 70
ongoingContracts = 7
missionCurrentScore = 0
missionIsStarted = False
missionIsEnded = False
missionHistoryId = 00000000-0000-0000-0000-000000000000
missionExpansionVersion = 
saveMD5 = 
lastWriteTime = 638541162685040600
