vesselCount = 1
UT = 3923.3494360332525
gameMode = CAREER
gameNull = False
kspVersion = 1.12.5
funds = 225331.18166065216
science = 77
reputationPercent = 10
ongoingContracts = 0
missionCurrentScore = 0
missionIsStarted = False
missionIsEnded = False
missionHistoryId = 00000000-0000-0000-0000-000000000000
missionExpansionVersion = 
saveMD5 = 
lastWriteTime = 638540156854504056
