vesselCount = 7
UT = 9642779.8170131315
gameMode = CAREER
gameNull = False
kspVersion = 1.12.5
funds = 1648520.4887728456
science = 72
reputationPercent = 60
ongoingContracts = 7
missionCurrentScore = 0
missionIsStarted = False
missionIsEnded = False
missionHistoryId = 00000000-0000-0000-0000-000000000000
missionExpansionVersion = 
saveMD5 = 
lastWriteTime = 638532960787721154
