vesselCount = 16
UT = 62708398.40035706
gameMode = CAREER
gameNull = False
kspVersion = 1.12.5
funds = 7087776.3658965491
science = 807
reputationPercent = 70
ongoingContracts = 7
missionCurrentScore = 0
missionIsStarted = False
missionIsEnded = False
missionHistoryId = 00000000-0000-0000-0000-000000000000
missionExpansionVersion = 
saveMD5 = 
lastWriteTime = 638541253645077890
