vesselCount = 2
UT = 1616183.2016620731
gameMode = CAREER
gameNull = False
kspVersion = 1.12.5
funds = 1944693.3257775907
science = 49
reputationPercent = 44
ongoingContracts = 14
missionCurrentScore = 0
missionIsStarted = False
missionIsEnded = False
missionHistoryId = 00000000-0000-0000-0000-000000000000
missionExpansionVersion = 
saveMD5 = 
lastWriteTime = 638540156854645103
